%YAML:1.0
---
width: 1133
height: 850
K: !!opencv-matrix
   rows: 3
   cols: 3
   dt: d
   data: [ 9.0224871689976851e+02, 0., 5.8044625883481410e+02, 0.,
       9.0016253476760301e+02, 4.1712998563214404e+02, 0., 0., 1. ]
D: !!opencv-matrix
   rows: 8
   cols: 1
   dt: d
   data: [ 1.8496829426573866e-01, -1.8682346314138094e+00,
       2.3819856187006676e-04, -1.5090263161741024e-04,
       4.7434731503932337e+00, 0., 0., 0. ]
